----------------- 카테고리별로 월/년도별 평균과 변동 계수 ----------------
===== data_agriculture =====
년도별 분포, 평균, 변동계수:
      년도  년도별 평균 가격       std  년도별 품목 수  년도별 변동계수(cv)
0   2013    2161.49   1479.83      9575          0.68
1   2014    1821.51   1345.51      9536          0.74
2   2015    1970.12   1273.97      9596          0.65
3   2016    2361.05   7777.94      9655          3.29
4   2017    2274.85   1527.84      9675          0.67
5   2018    2247.82   1502.67      9600          0.67
6   2019    2175.92   2342.59     53439          1.08
7   2020    2748.18   2475.31     55150          0.90
8   2021    3101.13   3107.88     42132          1.00
9   2023    5321.66   8209.60     21795          1.54
10  2024    9249.53  19899.42     19671          2.15

월별 분포, 평균, 변동계수:
     월  월별 평균 가격      std  월별 품목 수  월별 변동계수(cv)
0    1   3473.18  7385.32    17464         2.13
1    2   2859.02  4289.68     9682         1.50
2    3   3019.18  3907.84    10937         1.29
3    4   2936.70  5415.03    22372         1.84
4    5   3213.79  7259.71    21803         2.26
5    6   3151.05  6910.62    23535         2.19
6    7   3310.90  8135.17    25895         2.46
7    8   3790.48  9992.73    22600         2.64
8    9   3785.46  6912.68    22267         1.83
9   10   3439.45  6272.33    24832         1.82
10  11   3318.66  7395.45    25754         2.23
11  12   2730.26  3368.09    22683         1.23


===== data_livestock =====
년도별 분포, 평균, 변동계수:
      년도  년도별 평균 가격          std  년도별 품목 수  년도별 변동계수(cv)
0   2013   10201.54      8138.60      4766          0.80
1   2014   11027.48      7848.48      4729          0.71
2   2015   11782.27      9262.96      4782          0.79
3   2016   13025.03     10789.62      4813          0.83
4   2017   12337.74      9840.28      6044          0.80
5   2018   11579.79     10315.18      5998          0.89
6   2019   11682.37     10513.81     33336          0.90
7   2020   11946.94     11012.45     34675          0.92
8   2021  103076.67  14681939.05     26588        142.44
9   2023    5637.03      3845.99      4407          0.68
10  2024    5777.40      4627.74      3940          0.80

월별 분포, 평균, 변동계수:
     월   월별 평균 가격          std  월별 품목 수  월별 변동계수(cv)
0    1   11303.47     10231.20     9521         0.91
1    2   11645.40      9983.68     5591         0.86
2    3   11101.90      9745.45     5574         0.88
3    4   11459.10     10188.67    12195         0.89
4    5   11524.93     10484.04    11367         0.91
5    6   11723.07     10289.36    12333         0.88
6    7   11774.35     10500.09    13841         0.89
7    8  214877.50  22051756.43    11786       102.62
8    9   12042.72     10872.77    11731         0.90
9   10   11690.63     10664.10    13546         0.91
10  11   11478.46     10496.49    13754         0.91
11  12   11899.19     10502.78    12839         0.88


===== data_seafood =====
년도별 분포, 평균, 변동계수:
      년도  년도별 평균 가격        std  년도별 품목 수  년도별 변동계수(cv)
0   2013    3085.27    2271.86      4562          0.74
1   2014    8664.89  368330.86      4607         42.51
2   2015    3296.11    2191.95      4681          0.67
3   2016    3487.33    2357.40      4695          0.68
4   2017    3743.14    1896.75      4731          0.51
5   2018    3913.02    2059.32      4689          0.53
6   2019    3836.84    2171.06     25944          0.57
7   2020    6983.71  301184.26     26932         43.13
8   2021    4543.26    2755.15     20944          0.61
9   2023    5779.03    4668.31      6231          0.81
10  2024    5954.54    4898.18      5410          0.82

월별 분포, 평균, 변동계수:
     월  월별 평균 가격        std  월별 품목 수  월별 변동계수(cv)
0    1   7471.68  279825.12     7982        37.45
1    2   4093.98    2984.20     4655         0.73
2    3   4294.25    3545.59     4892         0.83
3    4   4166.40    2727.90    10218         0.65
4    5   4213.35    3112.19     9724         0.74
5    6   4155.06    2871.69    10534         0.69
6    7   4082.85    2664.68    11715         0.65
7    8   4097.58    2617.06    10152         0.64
8    9   4226.03    2934.43    10075         0.69
9   10   7355.25  326798.56    11406        44.43
10  11   7380.72  325644.91    11552        44.12
11  12   4246.74    2530.35    10521         0.60


===== data_sauce =====
년도별 분포, 평균, 변동계수:
     년도  년도별 평균 가격      std  년도별 품목 수  년도별 변동계수(cv)
0  2013    5500.00      NaN         1           NaN
1  2023    6301.02  3635.29      8922          0.58
2  2024    6946.85  3961.00      7855          0.57

월별 분포, 평균, 변동계수:
     월  월별 평균 가격      std  월별 품목 수  월별 변동계수(cv)
0    1   6809.50  3419.46      975         0.50
1    2   6800.38  3058.85       90         0.45
2    3   6071.21  3671.18      851         0.60
3    4   6482.27  3698.89     1387         0.57
4    5   6605.95  3792.78     1878         0.57
5    6   6645.42  4153.59     1963         0.63
6    7   6740.66  3923.50     1923         0.58
7    8   6661.79  3422.41     1924         0.51
8    9   6720.18  4266.19     1787         0.63
9   10   6631.25  3447.52     1679         0.52
10  11   6611.14  4080.40     1662         0.62
11  12   6101.37  3170.11      659         0.52


===== data_instant =====
년도별 분포, 평균, 변동계수:
     년도  년도별 평균 가격      std  년도별 품목 수  년도별 변동계수(cv)
0  2023    3059.91  1362.35      5273          0.45
1  2024    3073.83  1556.36      4704          0.51

월별 분포, 평균, 변동계수:
     월  월별 평균 가격      std  월별 품목 수  월별 변동계수(cv)
0    1   3087.97  2123.07      583         0.69
1    2   3097.18  1152.21       60         0.37
2    3   3483.15  2830.54      473         0.81
3    4   3024.25  1072.72      824         0.35
4    5   3027.48  1194.77     1126         0.39
5    6   3024.92  1116.53     1176         0.37
6    7   3052.00  1234.20     1155         0.40
7    8   3057.92  1247.51     1155         0.41
8    9   3027.13  1244.41     1072         0.41
9   10   3112.12  1741.70     1001         0.56
10  11   3061.32  1417.73      976         0.46
11  12   2918.01   994.04      376         0.34


===== data_beverage =====
년도별 분포, 평균, 변동계수:
     년도  년도별 평균 가격      std  년도별 품목 수  년도별 변동계수(cv)
0  2023    2072.66  1976.60      3622          0.95
1  2024    1860.26   972.27      3131          0.52

월별 분포, 평균, 변동계수:
     월  월별 평균 가격      std  월별 품목 수  월별 변동계수(cv)
0    1   1813.85   842.29      391         0.46
1    2   1862.44   858.21       41         0.46
2    3   3698.40  4667.23      388         1.26
3    4   2161.76  2001.08      585         0.93
4    5   1820.35   920.71      755         0.51
5    6   1837.32  1043.55      788         0.57
6    7   1834.52   869.19      772         0.47
7    8   1846.71   917.76      771         0.50
8    9   1829.64   864.99      716         0.47
9   10   1827.96   862.79      668         0.47
10  11   1909.40  1165.64      630         0.61
11  12   1815.36   923.30      248         0.51


===== data_dairy =====
년도별 분포, 평균, 변동계수:
     년도  년도별 평균 가격      std  년도별 품목 수  년도별 변동계수(cv)
0  2023    3130.87  1031.32       835          0.33
1  2024    3246.78   687.81       786          0.21

월별 분포, 평균, 변동계수:
     월  월별 평균 가격      std  월별 품목 수  월별 변동계수(cv)
0    1   3210.92   102.08       98         0.03
1    2   3270.00   133.75       10         0.04
2    3   2955.21  1249.24       48         0.42
3    4   3358.10  2450.34      126         0.73
4    5   3156.40   277.81      189         0.09
5    6   3157.76   273.78      197         0.09
6    7   3147.60   294.68      192         0.09
7    8   3124.90   368.71      192         0.12
8    9   3155.98   239.29      179         0.08
9   10   3181.74   249.47      167         0.08
10  11   3388.43  1442.74      160         0.43
11  12   3056.03    33.63       63         0.01


